2.4440448916
1.37086441888
3.14201258017
0.257866848832
0.585040857248
0.118032394041
0.0622183979776
0.00274467881007
0.0674733790746
0.119832741429
0.657165020044
0.248307743334
0.0354713852809
0.00349906661313
0.0288169983546
0.0582170718005
0.117731974494
0.0474824132431
4.5949791347e-07
0.0511725273802
0.0490844910265
0.24396611985
0.099939177072
0.0585552142153
0.0726641299913
1.00784625332
0.0568010170509
0.0250798608692
0.123651908591
0.0440145887691
0.0429102138309
0.0625905511073
3.81218420899e-05
0.0805228991734
0.0240407954911
0.137658418709
0.133650413347
0.0619551925841
0.0478737540944
0.0979488925516
0.0234063856543
0.0335616240659
0.0633513257354
0.112233031028
0.111473078207
0.104575565765
0.0101383597743
0.0212611184853
0.00694688096228
0.0100950218919
0.0336766835994
0.0808862443787
0.099312859853
0.0248943910861
0.104675704194
0.0201358245434
0.00105129172475
0.0980639770285
0.118328323003
0.032419957656
0.0953998997341
0.000200418144325
0.0199869530393
0.0859552438991
0.000693184676637
0.0472957630739
0.00125063416387
0.0672160768758
0.0897175280646
0.146904780706
0.0422790949992
0.041383203431
0.0577797639578
0.0979983570623
0.00560769974364
0.088684459939
0.0747347250575
0.0240318213237
0.0158693360716
0.0032214092373
0.0434431643815
0.00154783665787
0.00431814470901
0.0776892862873
0.0170358388532
0.00133941355443
0.00180319341368
0.0676955223316
0.0611629357476
0.00377279882787
0.0180059791647
0.0199959277301
0.00267663653415
0.0382005730419
0.00577597170773
0.00922428935509
0.00638396431905
0.0331892814624
0.00035288603218
0.0199144827662
0.0422221931025
0.0793198695257
0.0724416404028
0.00343147340211
0.00242679997785
0.0183265596609
0.00160353564755
0.0496850487218
0.00254125077884
0.00630404249433
0.0277893832092
0.037885204648
0.0628258228486
0.00682575299708
0.0331158937228
0.00617516161729
0.000794334180158
0.00478505961034
0.0731362978649
0.0121667834853
0.0278930034585
0.0222708571471
0.0177710632156
0.00616147616591
0.0139510110205
0.010460658677
0.043089973181
0.0201929798864
0.00106511774667
0.0352874325494
0.00219333927489
0.00775010017284
0.0618561393459
0.00390444960486
0.00250923255247
0.00631989402823
0.00358562012064
0.00060022905331
0.00330833925033
0.0015494595482
0.0119413312978
0.117264708554
0.00126676599312
0.00218743699498
0.0138100708656
0.00538831263692
0.00822601116529
0.0119333865971
0.00693069291287
0.0125263454039
0.02672109142
0.0102351938678
0.0230502942491
0.00882951426134
0.0248165537701
0.0567242168564
0.000324139741721
0.00128813978601
0.0162233581006
0.0351902298721
0.00176124086469
0.0167575495975
0.00438051823943
0.0356512332954
0.0275230555976
0.00678669312792
0.0303055588252
0.0235887662318
0.00479066676054
0.0262929837178
0.00530331238524
0.00926926856541
0.0309697677055
0.0103199263279
0.0139881937987
0.0225642134832
0.00229314690449
0.00722652378425
0.0178774457153
0.00493354292916
0.00781333078028
0.0487163438639
0.0014648967425
0.00312079307631
0.0158723076708
0.0278380969733
0.00734432829624
0.00931314672196
0.0187952108336
1.6369328874e-05
0.00473701388102
0.00302979505374
0.0103140372269
0.00105258936151
0.01662661226
9.38716069403e-06
0.0197556328156
0.0124220667528
0.00308613497668
0.00592421402537
0.0440180096958
0.0014490192382
0.000379960250894
0.0349723981785
0.0333260930625
0.00832000678766
0.0376751807355
0.0184059277218
0.000551833860346
0.00317395984144
0.00951268271871
0.0139062683543
0.00410300019137
0.0145669856112
0.00472245133094
0.0026875552618
0.00174146020167
0.00434065376452
0.00554638695762
0.0271056755847
0.0256589374931
0.00673386675105
0.0178310771683
0.00398581466261
0.00435576489886
0.0338818421962
0.00278684432113
0.00362151251326
0.0755958306364
0.0119053329981
0.00474002643484
0.00331587791184
0.00673775438879
0.0205081041595
0.0014830109823
0.0147071953666
0.032138719673
0.00266707461078
0.022824407393
0.00500714073378
0.000186022849903
0.00697428972402
0.000912267097272
0.00318489179951
0.00721288428749
0.0216308988065
0.0052925708764
0.00690762216682
0.0257486015156
0.0039507876866
0.00194573111589
0.0066061006422
0.00320951343244
0.00271940553798
0.0299978043149
0.0100268129133
0.0125802825111
0.0010237430205
0.0113290567694
0.0163341412741
0.00168440374952
0.0110554745821
0.00351259310529
0.00273129746766
0.0035415695191
0.00184958048925
0.0107730551142
0.0108482016684
0.0485013866643
0.00574887275353
0.011388095893
0.0360484994493
0.0210308972706
0.00525389425772
0.00630369033491
0.00488740545953
0.00644234439743
0.0169771770999
0.00152788110098
0.00126532863568
0.00807411958833
0.0171456904585
0.00612945574967
0.0143962804067
0.0218232505047
0.0238440575499
0.031429692172
0.00807324278729
0.00180039597459
0.00188202625202
0.00521074427853
0.0081989514725
0.0113429414865
0.0157115335396
0.0148892008506
0.0559078615833
0.000878547591423
0.00024496471306
0.000338290096095
0.00066260975504
