0.0921941526602
1.09950528064
0.192043133115
0.946301135386
0.173003516483
1.05994405665
0.153539905766
0.414967560854
0.055092039305
0.0564550066375
0.642800118097
0.044091211095
1.35112525872
0.341419813036
0.0419887879584
0.238342421173
0.0915035608783
0.298176887321
0.0226725718518
0.0903308984464
0.00249791499775
0.0466408839539
0.03936618037
0.0812787864106
0.212228239415
0.405919797292
0.123840876441
0.0768503420187
0.114118908692
0.0815965960842
0.0144680910728
0.0293901014763
0.0114852131862
0.049753924742
0.00498783766987
0.188575601701
0.0164225105069
0.00364597861544
0.112256085744
0.105259513774
0.240421598585
0.0383294325829
0.00174105310342
0.0470306253639
0.0804159145558
0.032216582262
0.00814776291492
0.0407098901827
0.00808443723855
0.0908708615073
0.149054548736
0.0385487363811
0.00588402153287
0.00377683637283
0.0148532209252
0.0130547460146
0.119374825365
0.0328411338327
0.0548151399726
0.00548690101332
0.0313816287213
0.00713871752134
0.0669918599738
0.00975399131291
0.0914196707196
0.0026641756305
0.00392168804781
0.0018754507589
0.0130417636167
0.0386733226342
0.0640241736727
0.00231451152172
0.0234411281497
0.0252674813032
0.0273325944549
0.00342900929021
0.01025203376
0.0198664160855
0.0242369990911
0.0227604430883
0.0717849244474
0.0472489651641
0.0271132798131
0.0282575520127
0.0169897691116
0.0969775971758
0.000978515657464
0.0017436969567
0.0282303059344
0.00587042193213
0.184399506665
0.0149695385356
0.0271351093271
0.0495338599809
0.0127799464823
0.0820403431281
0.0247109334139
0.0239241651392
0.0355737140588
0.0459384940682
0.0345589598927
0.00138188420675
0.0108795633836
0.0544937205095
0.0179126667012
0.12475103125
0.00816289670171
0.0261350913647
0.0214545351952
0.00122177583671
0.0191499281568
0.0228723287393
0.000925596414807
0.0203952742461
0.0243564103228
0.0264880444797
0.00425070867945
0.0126630639228
0.00774115946176
0.000265660609382
0.018304626289
0.00154848041283
0.0225126020814
0.00222884175914
0.00598567258205
0.0288297611564
0.00726004487983
0.00854336829453
0.0154329903406
0.0372091223819
8.83534845743e-05
0.0629943464063
0.0261701736386
0.00595774282451
0.00558518386579
0.00276132426899
0.00445575519314
0.00499372011987
0.00362285735587
0.00797578455461
0.00189404803802
0.00699966411534
0.02482512813
0.0235105129675
0.0102444580207
0.00996692063146
0.00178451700809
0.0130685019411
0.0542615965775
0.000154348747445
0.0274072801453
0.0172770054727
0.000893768399689
0.0301112895148
0.00275804294215
0.0451602767079
0.00174312692632
0.0262522534049
0.0019530673793
0.0345987204147
0.0124344180302
0.00146641605176
0.0189351621424
0.0132476701485
0.0116242418512
0.00107070695875
0.0174797959884
0.0131381730196
0.0225623467047
0.00114784215997
0.0123035154677
0.00125271885661
0.0196867854713
0.00844002607831
0.000912072786095
0.00274293955378
0.00122494420193
0.0328296144322
0.00427402329229
0.00099548515361
0.0349774257674
0.0163013677334
0.00778829471823
0.0321638366631
0.0189696015543
0.00790255640854
0.00181426486428
0.0143320550567
0.00694377743248
0.00165724379873
0.0146061480453
0.00988032481822
0.00720869839145
0.00440915379694
0.0377374138836
0.0128564527827
0.000228407355655
0.000267000824932
0.00214108189476
0.028850208838
0.0140184246464
0.0087662128011
0.0108134474223
0.00241968607059
0.0558993710714
0.0151036746188
0.000823026026137
0.0417190296328
0.00861074694449
0.00102554170322
0.00612229103878
0.00204767298487
0.00983301744999
0.00725993152879
0.00588814222632
0.000589548433016
0.00219150078605
0.00010960261463
0.00277269142665
0.00410654668409
0.00409829470636
0.00647382341863
0.0120663874203
0.00827580607718
0.0022277533838
0.0306872003335
0.00755974424359
0.00919534512051
0.000208087374035
0.00398127016016
0.00464607574753
0.00450944064226
0.00801954531608
0.00788567073203
0.00489733867219
0.00620135481558
0.00605352002256
0.0625982901901
0.0228574524894
0.00605887266705
0.00831905919421
0.0215409260207
0.000690861905112
0.0140699436394
0.0216666787492
0.00311949621192
0.00257515847095
0.00639448649583
0.0194796184457
0.00685371652713
0.00484157274318
0.00838571770985
0.00684132617898
0.00696760084969
0.000705798447566
0.000530102092705
0.00542672776754
0.000180953185415
0.0297084868708
0.000354570580791
0.00417276800251
0.00697904726752
0.006038575841
0.0032620851596
0.00607219458787
0.00428526944552
0.00571189922757
0.00549325198312
0.00775025478777
0.00770653162866
0.00459101921493
0.00128850370839
0.00595918342231
0.0132100785763
0.020546729437
0.0378419276506
0.00889200621104
6.11959119654e-15
0.00938664885431
0.00647783345596
4.95176841885e-06
0.000817574897022
0.0124819249572
0.0085431988421
0.00308864544047
0.00402146213869
0.00152331015341
0.0225500730327
0.0010370808455
0.0303238697776
0.0106385908651
0.0133264054872
0.00038396877588
0.00291235295236
0.00207803137436
0.00841380752022
0.0218493507241
0.010931544273
0.00834235927991
0.00474605541318
