1.0697833296881851
2.2385611449548937
0.18424858249483406
0.24432489717112552
0.28646682442099947
0.029981315232144295
0.20086663949890463
0.04441124291092089
0.07596034627585938
0.0011793012838310483
0.18159982597554006
0.008306802971537743
0.22931057925357487
0.33206996366550057
0.07486080943164615
0.26568058215049906
0.2356854609591072
0.016611560397298695
0.6592217355720749
0.1347712945367159
0.00013794516883020456
0.03354385356711493
0.022938056826529742
0.03461311942707056
0.028634237895617976
0.04740387391815773
0.031557873961417134
0.10476689846130227
0.05417163008364944
0.03569934927816225
0.3243173188661975
0.01726927171473778
0.032804528915326946
0.003963530485481859
0.1647858005361407
0.024216015267022235
0.6259382640597924
0.11956361760373144
0.08485210288083735
0.14912620276667662
0.3616909179125247
0.007314987619961314
0.031026609361008962
0.07606499385769994
0.7163049216065972
0.19366180698796562
0.026646883455664235
0.02551024285319205
0.07447258262371328
0.030372914598402804
0.02018529291939025
0.007691086857599956
0.05352856306216458
0.01226602232202492
0.009740637593522502
0.03278018946230102
0.07038754466207124
0.006245542966810211
0.09767344590990644
0.06050243848863741
0.015483980908747058
0.008902447004862986
0.00156635672541195
0.12728567850846334
0.2635009099433131
0.05166107957242857
0.07198618925076113
0.06520307536914141
0.018449190854510415
0.05364722312914396
0.030907063587636743
0.0596997147434578
0.05329014498428699
0.01958627973971388
0.021200145015401753
0.011011281944052168
0.034568954463980936
0.02061495140470865
0.01944513554590904
0.038816534075265946
0.02208138384833772
0.0015276530513504102
0.1195336867728027
0.1202085654679843
0.02546451254496593
0.003688607523186986
0.026774685784248922
0.13099848150640217
0.021046747959536392
0.09032610112504016
0.00191425619075245
0.12453205497400174
0.022239789022254316
0.08171041980568819
0.025759609269179685
0.04064896071725635
0.16898151538021888
0.0020802066140276523
0.0002608470440086461
0.051888849165825604
0.2891672067372125
0.014008282731457006
0.13138452062554967
0.007086029777321682
0.0013575298235941535
0.12595104472494753
0.036421862087089384
0.016640606842715542
4.536256126369409e-05
0.06703731752979598
0.021180992264137482
0.07303067399553756
0.009890707780509458
0.0015196845544318584
0.03179255698200067
1.663965273403531e-05
0.14790029868071078
0.008241384420459765
0.015365427152174519
0.019295741465934605
0.020074871476336378
0.012406016662223447
0.03967343385669196
0.057617977237451115
0.02405444765696774
0.014001884554320469
0.0028551887104751187
0.009104739542656996
0.02613329508912304
0.13185369833837224
0.013152563843336672
0.030223101287706958
0.06456387126441658
0.021155359781123345
0.016085257396591172
0.017858340266023794
0.030727146475462475
0.0651641883041231
0.02344963010952477
0.002270349797315126
0.00461296258428149
0.0028570764382141824
0.01795466729557138
0.004329752447517124
6.1148256089509485e-18
2.441727614295877e-17
0.04291242728204482
0.006089841102457882
0.01417824284181235
0.038617339072656555
0.04620062699741633
0.010156617241196807
0.006756386785561728
0.0263331791367689
0.009425955669164427
0.048472954365386844
0.006829950098039228
0.04660899511801808
0.00767791638765247
6.881481105878931e-05
0.012923823912227687
0.053103586919383876
9.42134030063496e-05
0.043448261761628824
0.040374917218718887
0.009891706219951543
0.017593918797291743
0.06443234244270411
0.006543596340132043
0.040153347416018254
0.04073555279473472
0.00046563530117189016
0.012534118888924747
0.01855430881905347
0.25013333854049813
0.05232802408580936
0.0007382184240733638
0.01984290909430956
0.014738948399445888
0.07023570872477373
0.029243417118785343
0.5099478806586382
0.010655665241176504
0.19259315141107236
0.1034295810324556
0.045401129521989166
0.0186553663671885
0.019386436715904218
0.02006884054990224
0.035957378716733886
0.02473504757287732
0.0037976856294874854
0.019713048078893063
0.002194665332917093
0.0226764460747206
0.044316613076352554
0.07925176531247592
0.022884389375399227