2.7568908334485656
4.416445841036815
0.3459987877424019
0.39607906625000283
0.13752171291549078
0.588070162260565
0.19279451488778754
0.20228949338586064
0.301211974131781
0.13279964001324487
0.5141224260490077
0.07584689212575833
0.3486954743794077
0.0833021383909769
0.17357138659736304
0.0513445383196299
0.030084553880271783
0.11194091452321116
0.01923945433130488
0.48464359751399566
0.0033468123287104367
0.050749351334013745
0.10823034254447378
0.2743370411949609
0.054897541253075666
0.18454225089109064
0.2159099206842451
0.06445274105972201
0.06467017286899356
1.1086405918511304
0.11319857366524257
0.01926807286566054
0.13966016997884811
0.06036593217661406
0.022024265575582305
0.11681014352323503
0.005820262016923153
0.05380697393690712
8.942910726644144e-05
0.09455251214546709
0.7257846510354616
0.0923050152778043
0.12305698171671026
0.020790294620278902
0.056135512510084175
0.03780912283924679
0.11049515102660569
0.049335592550535066
0.0992901855542111
0.011636299868635711
0.07342479986802637
0.15588473750203002
0.092584830711308
0.023641556160132617
0.10183008997850809
0.061104639217299146
0.15089904022236425
0.06421795796952444
0.0023495841169628635
0.014530553924542573
0.07712963476664386
0.016365457583920176
0.0230203471621532
0.04612057681986008
0.10223300801718976
1.9203857723245952e-17
0.039410672517687456
0.024326059176046105
0.00202904598389433
0.21911182661125922
0.006152711931469546
0.03182820989073046
0.016407264293311262
1.80340795878198e-17
0.00975050283664314
0.18634317651906027
0.035872962391119693
0.1121968790698591
0.021339029499209492
0.26723180973246446
0.04281513730953637
0.03917992800957205
0.056480376784880056
0.007264827891585538
0.0031654280322788594
0.059464670794791466
0.012654943775755788
0.0280837928541896
0.1516013179072143
0.21037208567678228
0.0016168466613066734
0.024297541049138657
0.20210785203430237
0.27144908310588234
0.10648410828319008
0.09324280195493972
0.06320423719945782
0.007586276471779068
0.10041780780507066
0.023051654596034813
0.04058819404099373
0.03194816170978933
0.01557220178604709
0.005879709489216781
0.0034559178337937348
0.17908562146364174
0.0020872262776335734
0.1686833280861556
0.03760743263421039
0.015888265900235718
0.0025339057542932116
0.0015346339546839084
0.01707886690842652
0.07158360264556617
0.01909708692051248
0.0008321130376289771
0.05000835865496386
0.009660022015935871
0.018740599836974018
0.019469903574642244
0.0038213196754750068
0.005488995210867294
0.05887918575546474
0.024765872667000824
0.006677934653693228
0.006910151605265617
0.0013902205895727025
0.002611417560700524
0.046238989962766305
0.11991705807798395
0.10018225810671319
0.02011986831415339
0.010691496137813125
0.008297756656806914
0.0501234562311838
0.01839003609322892
0.07480580519325356
0.04924085449502109
0.008352640610976255
0.036302707598216535
0.05145891485675614
0.005796503685389335
0.07957301742898938
0.028694593734942098
0.4091155459311512
0.06395549372391025
0.07070783525647499
0.03737274067774535
0.005540969542859578
0.005490122224355213
0.044045015854328955
0.008015126194752325
0.013371962928521839
0.010983099266726675
0.016700388826032263
0.021291867605612764
0.02941286171544974
0.03341122519878107
0.01873035192599397
0.037407590108061495
0.006009871841301252
0.004015921807695146
0.008073655327587446
0.010636656139789147
0.004471792117190993
0.016128014210936174
0.03837064994960861
0.4326676630493512
0.018481031268408686
0.13729503753935593
0.0022444081110090768
0.04381582798949318
0.019208977570178032
0.015546125321934313
0.027998554755670795
0.3132819686755418
0.005259624838848014
0.07730781664960382
0.005626121423625379
0.009688889955333322
0.010636785595149162
0.0006217450514093122
0.2237706335944834
0.012958608515433179
0.0032447018181290055
0.01217798060075155
0.018968541883539695
0.01495513085130958
0.00037135691735654054
0.01706031721178506
0.017402132110718928
0.020261825776945932
0.0026168873208849623
0.26035111640524056
0.0003584897171043659
0.09995105869033863
0.03361451065226083
0.0684940150559554